tensor([[1., 0., 0., 0.],
        [0., 1., 0., 0.],
        [0., 0., 1., 0.],
        [0., 0., 0., 1.]])

tensor([[ 9.9936e-01, -6.6847e-03, -1.8384e-03,  5.6693e-03],
        [ 6.6845e-03,  9.9936e-01,  1.7716e-04, -2.2025e-03],
        [ 1.8979e-03, -2.3446e-04,  9.9999e-01,  4.4306e-05],
        [ 0.0000e+00,  0.0000e+00,  0.0000e+00,  1.0000e+00]], device='cuda:0')

tensor([[ 9.9896e-01, -1.0027e-02, -4.3823e-03,  1.2839e-02],
        [ 1.0029e-02,  9.9896e-01,  4.7414e-04, -4.9703e-03],
        [ 4.4890e-03, -5.9946e-04,  9.9998e-01,  1.6105e-04],
        [ 0.0000e+00,  0.0000e+00,  0.0000e+00,  1.0000e+00]], device='cuda:0')

tensor([[ 9.9842e-01, -1.2495e-02, -6.1432e-03,  1.8306e-02],
        [ 1.2500e-02,  9.9842e-01,  8.4394e-04, -6.4698e-03],
        [ 6.3116e-03, -9.9944e-04,  9.9998e-01,  3.1098e-04],
        [ 0.0000e+00,  0.0000e+00,  0.0000e+00,  1.0000e+00]], device='cuda:0')

tensor([[ 9.9797e-01, -1.5381e-02, -7.7562e-03,  2.2982e-02],
        [ 1.5388e-02,  9.9797e-01,  1.3026e-03, -8.0875e-03],
        [ 7.9531e-03, -1.4948e-03,  9.9998e-01,  4.7179e-04],
        [ 0.0000e+00,  0.0000e+00,  0.0000e+00,  1.0000e+00]], device='cuda:0')

tensor([[ 9.9743e-01, -1.9049e-02, -9.7537e-03,  2.8419e-02],
        [ 1.9066e-02,  9.9744e-01,  1.8799e-03, -9.3190e-03],
        [ 9.9867e-03, -2.1477e-03,  9.9997e-01,  6.7900e-04],
        [ 0.0000e+00,  0.0000e+00,  0.0000e+00,  1.0000e+00]], device='cuda:0')

tensor([[ 9.9705e-01, -2.0475e-02, -1.2214e-02,  3.4183e-02],
        [ 2.0497e-02,  9.9707e-01,  1.9331e-03, -9.7519e-03],
        [ 1.2494e-02, -2.2566e-03,  9.9997e-01,  9.0750e-04],
        [ 0.0000e+00,  0.0000e+00,  0.0000e+00,  1.0000e+00]], device='cuda:0')

tensor([[ 0.9965, -0.0223, -0.0140,  0.0391],
        [ 0.0224,  0.9965,  0.0021, -0.0096],
        [ 0.0144, -0.0025,  1.0000,  0.0012],
        [ 0.0000,  0.0000,  0.0000,  1.0000]], device='cuda:0')

tensor([[ 0.9961, -0.0219, -0.0159,  0.0436],
        [ 0.0220,  0.9961,  0.0026, -0.0099],
        [ 0.0163, -0.0030,  1.0000,  0.0015],
        [ 0.0000,  0.0000,  0.0000,  1.0000]], device='cuda:0')

tensor([[ 0.9953, -0.0288, -0.0172,  0.0475],
        [ 0.0289,  0.9954,  0.0034, -0.0107],
        [ 0.0176, -0.0041,  1.0000,  0.0018],
        [ 0.0000,  0.0000,  0.0000,  1.0000]], device='cuda:0')

tensor([[ 0.9944, -0.0363, -0.0193,  0.0530],
        [ 0.0364,  0.9944,  0.0041, -0.0131],
        [ 0.0197, -0.0050,  0.9999,  0.0021],
        [ 0.0000,  0.0000,  0.0000,  1.0000]], device='cuda:0')

tensor([[ 0.9932, -0.0421, -0.0212,  0.0585],
        [ 0.0422,  0.9937,  0.0047, -0.0149],
        [ 0.0217, -0.0058,  0.9999,  0.0024],
        [ 0.0000,  0.0000,  0.0000,  1.0000]], device='cuda:0')

tensor([[ 0.9921, -0.0514, -0.0225,  0.0635],
        [ 0.0515,  0.9926,  0.0051, -0.0152],
        [ 0.0229, -0.0065,  1.0000,  0.0026],
        [ 0.0000,  0.0000,  0.0000,  1.0000]], device='cuda:0')

tensor([[ 0.9910, -0.0612, -0.0241,  0.0690],
        [ 0.0614,  0.9915,  0.0053, -0.0157],
        [ 0.0245, -0.0071,  0.9999,  0.0030],
        [ 0.0000,  0.0000,  0.0000,  1.0000]], device='cuda:0')

tensor([[ 0.9901, -0.0667, -0.0262,  0.0750],
        [ 0.0669,  0.9907,  0.0052, -0.0153],
        [ 0.0266, -0.0073,  0.9999,  0.0033],
        [ 0.0000,  0.0000,  0.0000,  1.0000]], device='cuda:0')

tensor([[ 0.9890, -0.0741, -0.0282,  0.0805],
        [ 0.0743,  0.9895,  0.0048, -0.0142],
        [ 0.0286, -0.0072,  0.9999,  0.0036],
        [ 0.0000,  0.0000,  0.0000,  1.0000]], device='cuda:0')

tensor([[ 0.9875, -0.0816, -0.0304,  0.0867],
        [ 0.0818,  0.9886,  0.0045, -0.0137],
        [ 0.0308, -0.0074,  0.9999,  0.0040],
        [ 0.0000,  0.0000,  0.0000,  1.0000]], device='cuda:0')

tensor([[ 0.9859, -0.0900, -0.0329,  0.0929],
        [ 0.0902,  0.9875,  0.0041, -0.0121],
        [ 0.0333, -0.0074,  0.9999,  0.0044],
        [ 0.0000,  0.0000,  0.0000,  1.0000]], device='cuda:0')

tensor([[ 0.9845, -0.0972, -0.0352,  0.0983],
        [ 0.0974,  0.9860,  0.0029, -0.0088],
        [ 0.0356, -0.0068,  0.9999,  0.0047],
        [ 0.0000,  0.0000,  0.0000,  1.0000]], device='cuda:0')

tensor([[ 0.9829, -0.1050, -0.0380,  0.1047],
        [ 0.1051,  0.9845,  0.0019, -0.0057],
        [ 0.0385, -0.0064,  0.9999,  0.0052],
        [ 0.0000,  0.0000,  0.0000,  1.0000]], device='cuda:0')

tensor([[ 9.8131e-01, -1.1356e-01, -4.0305e-02,  1.1035e-01],
        [ 1.1361e-01,  9.8287e-01,  8.8563e-04, -2.9012e-03],
        [ 4.0832e-02, -6.0118e-03,  9.9990e-01,  5.6777e-03],
        [ 0.0000e+00,  0.0000e+00,  0.0000e+00,  1.0000e+00]], device='cuda:0')

tensor([[ 9.7974e-01, -1.2242e-01, -4.1977e-02,  1.1452e-01],
        [ 1.2241e-01,  9.8127e-01,  5.6790e-05, -1.1737e-03],
        [ 4.2508e-02, -5.7707e-03,  9.9993e-01,  6.1256e-03],
        [ 0.0000e+00,  0.0000e+00,  0.0000e+00,  1.0000e+00]], device='cuda:0')

tensor([[ 9.7860e-01, -1.2881e-01, -4.3564e-02,  1.1816e-01],
        [ 1.2879e-01,  9.8013e-01, -6.8003e-04,  2.0315e-04],
        [ 4.4105e-02, -5.5194e-03,  9.9992e-01,  6.5182e-03],
        [ 0.0000e+00,  0.0000e+00,  0.0000e+00,  1.0000e+00]], device='cuda:0')

tensor([[ 0.9770, -0.1358, -0.0444,  0.1214],
        [ 0.1358,  0.9785, -0.0016,  0.0012],
        [ 0.0450, -0.0050,  1.0000,  0.0069],
        [ 0.0000,  0.0000,  0.0000,  1.0000]], device='cuda:0')

tensor([[ 0.9754, -0.1435, -0.0455,  0.1254],
        [ 0.1433,  0.9769, -0.0026,  0.0020],
        [ 0.0461, -0.0046,  0.9999,  0.0072],
        [ 0.0000,  0.0000,  0.0000,  1.0000]], device='cuda:0')

tensor([[ 0.9739, -0.1505, -0.0467,  0.1308],
        [ 0.1503,  0.9755, -0.0033,  0.0024],
        [ 0.0474, -0.0044,  0.9999,  0.0075],
        [ 0.0000,  0.0000,  0.0000,  1.0000]], device='cuda:0')

tensor([[ 0.9726, -0.1558, -0.0475,  0.1368],
        [ 0.1556,  0.9742, -0.0042,  0.0027],
        [ 0.0483, -0.0040,  1.0000,  0.0078],
        [ 0.0000,  0.0000,  0.0000,  1.0000]], device='cuda:0')

tensor([[ 0.9713, -0.1603, -0.0480,  0.1430],
        [ 0.1601,  0.9728, -0.0049,  0.0029],
        [ 0.0490, -0.0036,  1.0000,  0.0082],
        [ 0.0000,  0.0000,  0.0000,  1.0000]], device='cuda:0')

tensor([[ 0.9697, -0.1657, -0.0488,  0.1493],
        [ 0.1656,  0.9712, -0.0049,  0.0016],
        [ 0.0497, -0.0040,  1.0000,  0.0086],
        [ 0.0000,  0.0000,  0.0000,  1.0000]], device='cuda:0')

tensor([[ 9.6847e-01, -1.6990e-01, -4.9473e-02,  1.5527e-01],
        [ 1.6979e-01,  9.6997e-01, -4.8022e-03, -6.1656e-04],
        [ 5.0387e-02, -4.4789e-03,  9.9996e-01,  9.0142e-03],
        [ 0.0000e+00,  0.0000e+00,  0.0000e+00,  1.0000e+00]], device='cuda:0')

tensor([[ 0.9664, -0.1773, -0.0509,  0.1611],
        [ 0.1771,  0.9679, -0.0052, -0.0020],
        [ 0.0519, -0.0047,  0.9999,  0.0094],
        [ 0.0000,  0.0000,  0.0000,  1.0000]], device='cuda:0')

tensor([[ 0.9646, -0.1837, -0.0524,  0.1672],
        [ 0.1836,  0.9662, -0.0060, -0.0025],
        [ 0.0536, -0.0047,  0.9999,  0.0098],
        [ 0.0000,  0.0000,  0.0000,  1.0000]], device='cuda:0')

tensor([[ 0.9645, -0.1834, -0.0546,  0.1742],
        [ 0.1832,  0.9661, -0.0066, -0.0020],
        [ 0.0558, -0.0045,  0.9999,  0.0103],
        [ 0.0000,  0.0000,  0.0000,  1.0000]], device='cuda:0')

tensor([[ 0.9646, -0.1806, -0.0564,  0.1801],
        [ 0.1804,  0.9666, -0.0073, -0.0011],
        [ 0.0578, -0.0040,  0.9999,  0.0109],
        [ 0.0000,  0.0000,  0.0000,  1.0000]], device='cuda:0')

tensor([[ 9.6502e-01, -1.7556e-01, -5.7491e-02,  1.8512e-01],
        [ 1.7542e-01,  9.6751e-01, -7.3167e-03, -6.8544e-04],
        [ 5.8918e-02, -3.9019e-03,  9.9991e-01,  1.1386e-02],
        [ 0.0000e+00,  0.0000e+00,  0.0000e+00,  1.0000e+00]], device='cuda:0')

tensor([[ 0.9652, -0.1718, -0.0583,  0.1896],
        [ 0.1717,  0.9677, -0.0069, -0.0015],
        [ 0.0597, -0.0043,  0.9999,  0.0118],
        [ 0.0000,  0.0000,  0.0000,  1.0000]], device='cuda:0')

tensor([[ 0.9652, -0.1700, -0.0593,  0.1947],
        [ 0.1699,  0.9677, -0.0062, -0.0029],
        [ 0.0606, -0.0051,  0.9999,  0.0124],
        [ 0.0000,  0.0000,  0.0000,  1.0000]], device='cuda:0')

tensor([[ 0.9646, -0.1708, -0.0611,  0.2016],
        [ 0.1706,  0.9671, -0.0067, -0.0030],
        [ 0.0626, -0.0051,  0.9999,  0.0129],
        [ 0.0000,  0.0000,  0.0000,  1.0000]], device='cuda:0')

tensor([[ 0.9636, -0.1706, -0.0633,  0.2075],
        [ 0.1705,  0.9667, -0.0066, -0.0045],
        [ 0.0648, -0.0056,  0.9998,  0.0135],
        [ 0.0000,  0.0000,  0.0000,  1.0000]], device='cuda:0')

tensor([[ 0.9622, -0.1726, -0.0662,  0.2146],
        [ 0.1725,  0.9658, -0.0069, -0.0055],
        [ 0.0677, -0.0061,  0.9998,  0.0141],
        [ 0.0000,  0.0000,  0.0000,  1.0000]], device='cuda:0')

tensor([[ 0.9616, -0.1722, -0.0687,  0.2203],
        [ 0.1721,  0.9652, -0.0067, -0.0078],
        [ 0.0703, -0.0067,  0.9998,  0.0147],
        [ 0.0000,  0.0000,  0.0000,  1.0000]], device='cuda:0')

tensor([[ 0.9602, -0.1741, -0.0707,  0.2247],
        [ 0.1740,  0.9643, -0.0059, -0.0105],
        [ 0.0721, -0.0081,  0.9999,  0.0152],
        [ 0.0000,  0.0000,  0.0000,  1.0000]], device='cuda:0')

tensor([[ 0.9595, -0.1752, -0.0722,  0.2285],
        [ 0.1753,  0.9635, -0.0045, -0.0137],
        [ 0.0733, -0.0099,  0.9999,  0.0156],
        [ 0.0000,  0.0000,  0.0000,  1.0000]], device='cuda:0')

tensor([[ 0.9578, -0.1794, -0.0736,  0.2320],
        [ 0.1796,  0.9618, -0.0034, -0.0161],
        [ 0.0744, -0.0117,  0.9999,  0.0160],
        [ 0.0000,  0.0000,  0.0000,  1.0000]], device='cuda:0')

tensor([[ 0.9567, -0.1821, -0.0748,  0.2346],
        [ 0.1824,  0.9607, -0.0026, -0.0181],
        [ 0.0755, -0.0129,  0.9999,  0.0163],
        [ 0.0000,  0.0000,  0.0000,  1.0000]], device='cuda:0')

tensor([[ 0.9551, -0.1854, -0.0769,  0.2387],
        [ 0.1857,  0.9591, -0.0025, -0.0187],
        [ 0.0775, -0.0138,  0.9998,  0.0167],
        [ 0.0000,  0.0000,  0.0000,  1.0000]], device='cuda:0')

tensor([[ 0.9538, -0.1874, -0.0792,  0.2443],
        [ 0.1877,  0.9579, -0.0021, -0.0195],
        [ 0.0798, -0.0148,  0.9998,  0.0172],
        [ 0.0000,  0.0000,  0.0000,  1.0000]], device='cuda:0')

tensor([[ 0.9524, -0.1893, -0.0817,  0.2509],
        [ 0.1897,  0.9570, -0.0017, -0.0206],
        [ 0.0821, -0.0159,  0.9998,  0.0178],
        [ 0.0000,  0.0000,  0.0000,  1.0000]], device='cuda:0')

tensor([[ 0.9512, -0.1923, -0.0838,  0.2565],
        [ 0.1928,  0.9558, -0.0011, -0.0227],
        [ 0.0840, -0.0173,  0.9998,  0.0183],
        [ 0.0000,  0.0000,  0.0000,  1.0000]], device='cuda:0')

tensor([[ 9.5001e-01, -1.9531e-01, -8.5012e-02,  2.5884e-01],
        [ 1.9598e-01,  9.5450e-01, -7.4592e-04, -2.2409e-02],
        [ 8.5135e-02, -1.8147e-02,  9.9989e-01,  1.8609e-02],
        [ 0.0000e+00,  0.0000e+00,  0.0000e+00,  1.0000e+00]], device='cuda:0')

tensor([[ 9.4946e-01, -1.9708e-01, -8.5970e-02,  2.6101e-01],
        [ 1.9773e-01,  9.5394e-01, -5.8988e-04, -2.1758e-02],
        [ 8.6037e-02, -1.8653e-02,  9.9991e-01,  1.8900e-02],
        [ 0.0000e+00,  0.0000e+00,  0.0000e+00,  1.0000e+00]], device='cuda:0')

tensor([[ 9.4904e-01, -1.9878e-01, -8.6914e-02,  2.6422e-01],
        [ 1.9940e-01,  9.5352e-01, -7.6373e-04, -2.1054e-02],
        [ 8.6982e-02, -1.8812e-02,  9.9992e-01,  1.9266e-02],
        [ 0.0000e+00,  0.0000e+00,  0.0000e+00,  1.0000e+00]], device='cuda:0')

tensor([[ 9.4837e-01, -2.0142e-01, -8.7673e-02,  2.6483e-01],
        [ 2.0206e-01,  9.5283e-01, -7.8536e-04, -2.0259e-02],
        [ 8.7670e-02, -1.9201e-02,  9.9993e-01,  1.9442e-02],
        [ 0.0000e+00,  0.0000e+00,  0.0000e+00,  1.0000e+00]], device='cuda:0')

tensor([[ 9.4737e-01, -2.0450e-01, -8.7994e-02,  2.6512e-01],
        [ 2.0515e-01,  9.5179e-01, -6.2141e-04, -1.9905e-02],
        [ 8.7890e-02, -1.9727e-02,  9.9997e-01,  1.9535e-02],
        [ 0.0000e+00,  0.0000e+00,  0.0000e+00,  1.0000e+00]], device='cuda:0')

tensor([[ 9.4668e-01, -2.0646e-01, -8.8367e-02,  2.6556e-01],
        [ 2.0721e-01,  9.5110e-01, -6.1300e-04, -1.9733e-02],
        [ 8.8205e-02, -2.0005e-02,  9.9997e-01,  1.9657e-02],
        [ 0.0000e+00,  0.0000e+00,  0.0000e+00,  1.0000e+00]], device='cuda:0')

tensor([[ 9.4600e-01, -2.0931e-01, -8.8630e-02,  2.6684e-01],
        [ 2.1006e-01,  9.5042e-01, -5.9507e-04, -1.9998e-02],
        [ 8.8390e-02, -2.0357e-02,  9.9997e-01,  1.9820e-02],
        [ 0.0000e+00,  0.0000e+00,  0.0000e+00,  1.0000e+00]], device='cuda:0')

tensor([[ 9.4467e-01, -2.1369e-01, -8.9001e-02,  2.6829e-01],
        [ 2.1445e-01,  9.4910e-01, -5.3098e-04, -2.0289e-02],
        [ 8.8654e-02, -2.0916e-02,  9.9996e-01,  2.0003e-02],
        [ 0.0000e+00,  0.0000e+00,  0.0000e+00,  1.0000e+00]], device='cuda:0')

tensor([[ 9.4329e-01, -2.1971e-01, -8.9285e-02,  2.6938e-01],
        [ 2.2045e-01,  9.4772e-01, -8.4948e-04, -2.0240e-02],
        [ 8.8930e-02, -2.1235e-02,  9.9997e-01,  2.0148e-02],
        [ 0.0000e+00,  0.0000e+00,  0.0000e+00,  1.0000e+00]], device='cuda:0')

tensor([[ 0.9415, -0.2269, -0.0897,  0.2704],
        [ 0.2277,  0.9459, -0.0013, -0.0199],
        [ 0.0893, -0.0215,  1.0000,  0.0203],
        [ 0.0000,  0.0000,  0.0000,  1.0000]], device='cuda:0')

tensor([[ 0.9394, -0.2343, -0.0904,  0.2719],
        [ 0.2350,  0.9439, -0.0016, -0.0197],
        [ 0.0898, -0.0221,  0.9999,  0.0205],
        [ 0.0000,  0.0000,  0.0000,  1.0000]], device='cuda:0')

tensor([[ 0.9375, -0.2416, -0.0910,  0.2726],
        [ 0.2423,  0.9419, -0.0017, -0.0195],
        [ 0.0903, -0.0229,  0.9999,  0.0206],
        [ 0.0000,  0.0000,  0.0000,  1.0000]], device='cuda:0')

