tensor([[1., 0., 0., 0.],
        [0., 1., 0., 0.],
        [0., 0., 1., 0.],
        [0., 0., 0., 1.]])

tensor([[ 9.9984e-01, -7.0819e-03, -9.3509e-04,  7.0163e-03],
        [ 7.0857e-03,  9.9984e-01,  1.3141e-03, -2.3629e-03],
        [ 8.9658e-04, -1.3091e-03,  9.9999e-01,  6.9479e-05],
        [ 0.0000e+00,  0.0000e+00,  0.0000e+00,  1.0000e+00]], device='cuda:0')

tensor([[ 9.9980e-01, -1.3621e-02, -2.1525e-03,  1.4799e-02],
        [ 1.3630e-02,  9.9981e-01,  1.9552e-03, -3.9894e-03],
        [ 2.0658e-03, -1.9648e-03,  9.9999e-01,  1.4071e-04],
        [ 0.0000e+00,  0.0000e+00,  0.0000e+00,  1.0000e+00]], device='cuda:0')

tensor([[ 9.9976e-01, -1.9833e-02, -3.6264e-03,  2.2376e-02],
        [ 1.9857e-02,  9.9976e-01,  2.9405e-03, -6.6714e-03],
        [ 3.4591e-03, -2.9823e-03,  9.9999e-01,  2.1418e-04],
        [ 0.0000e+00,  0.0000e+00,  0.0000e+00,  1.0000e+00]], device='cuda:0')

tensor([[ 9.9966e-01, -3.0623e-02, -5.3661e-03,  3.0535e-02],
        [ 3.0651e-02,  9.9967e-01,  4.1789e-03, -9.3142e-03],
        [ 5.0996e-03, -4.2970e-03,  9.9998e-01,  2.4748e-04],
        [ 0.0000e+00,  0.0000e+00,  0.0000e+00,  1.0000e+00]], device='cuda:0')

tensor([[ 9.9918e-01, -3.7570e-02, -7.0909e-03,  3.8769e-02],
        [ 3.7615e-02,  9.9919e-01,  4.9091e-03, -1.0860e-02],
        [ 6.7231e-03, -5.1104e-03,  9.9998e-01,  3.3520e-04],
        [ 0.0000e+00,  0.0000e+00,  0.0000e+00,  1.0000e+00]], device='cuda:0')

tensor([[ 9.9874e-01, -4.0424e-02, -8.6168e-03,  4.6059e-02],
        [ 4.0499e-02,  9.9875e-01,  5.3060e-03, -1.1047e-02],
        [ 8.1532e-03, -5.5831e-03,  9.9998e-01,  4.0970e-04],
        [ 0.0000e+00,  0.0000e+00,  0.0000e+00,  1.0000e+00]], device='cuda:0')

tensor([[ 9.9821e-01, -4.4746e-02, -1.0490e-02,  5.3948e-02],
        [ 4.4824e-02,  9.9822e-01,  5.5593e-03, -1.0991e-02],
        [ 9.9547e-03, -5.9643e-03,  9.9997e-01,  5.1339e-04],
        [ 0.0000e+00,  0.0000e+00,  0.0000e+00,  1.0000e+00]], device='cuda:0')

tensor([[ 9.9775e-01, -4.6779e-02, -1.2970e-02,  6.2111e-02],
        [ 4.6892e-02,  9.9777e-01,  5.6870e-03, -1.0363e-02],
        [ 1.2362e-02, -6.2334e-03,  9.9996e-01,  6.8438e-04],
        [ 0.0000e+00,  0.0000e+00,  0.0000e+00,  1.0000e+00]], device='cuda:0')

tensor([[ 9.9726e-01, -4.8746e-02, -1.4824e-02,  6.9704e-02],
        [ 4.8890e-02,  9.9729e-01,  5.9579e-03, -1.0263e-02],
        [ 1.4132e-02, -6.6402e-03,  9.9996e-01,  8.6772e-04],
        [ 0.0000e+00,  0.0000e+00,  0.0000e+00,  1.0000e+00]], device='cuda:0')

tensor([[ 0.9968, -0.0508, -0.0169,  0.0767],
        [ 0.0510,  0.9968,  0.0066, -0.0110],
        [ 0.0161, -0.0075,  1.0000,  0.0011],
        [ 0.0000,  0.0000,  0.0000,  1.0000]], device='cuda:0')

tensor([[ 0.9962, -0.0554, -0.0189,  0.0846],
        [ 0.0557,  0.9962,  0.0072, -0.0123],
        [ 0.0180, -0.0082,  1.0000,  0.0013],
        [ 0.0000,  0.0000,  0.0000,  1.0000]], device='cuda:0')

tensor([[ 0.9958, -0.0576, -0.0212,  0.0934],
        [ 0.0579,  0.9958,  0.0076, -0.0129],
        [ 0.0201, -0.0089,  0.9999,  0.0016],
        [ 0.0000,  0.0000,  0.0000,  1.0000]], device='cuda:0')

tensor([[ 0.9951, -0.0645, -0.0235,  0.1029],
        [ 0.0648,  0.9951,  0.0081, -0.0141],
        [ 0.0224, -0.0096,  0.9999,  0.0018],
        [ 0.0000,  0.0000,  0.0000,  1.0000]], device='cuda:0')

tensor([[ 0.9946, -0.0708, -0.0258,  0.1122],
        [ 0.0711,  0.9946,  0.0081, -0.0143],
        [ 0.0246, -0.0099,  0.9999,  0.0021],
        [ 0.0000,  0.0000,  0.0000,  1.0000]], device='cuda:0')

tensor([[ 0.9941, -0.0753, -0.0277,  0.1209],
        [ 0.0757,  0.9942,  0.0082, -0.0140],
        [ 0.0264, -0.0103,  0.9999,  0.0023],
        [ 0.0000,  0.0000,  0.0000,  1.0000]], device='cuda:0')

tensor([[ 0.9933, -0.0840, -0.0299,  0.1297],
        [ 0.0845,  0.9934,  0.0082, -0.0144],
        [ 0.0284, -0.0107,  0.9999,  0.0026],
        [ 0.0000,  0.0000,  0.0000,  1.0000]], device='cuda:0')

tensor([[ 0.9923, -0.0916, -0.0323,  0.1389],
        [ 0.0921,  0.9924,  0.0083, -0.0144],
        [ 0.0306, -0.0112,  0.9999,  0.0029],
        [ 0.0000,  0.0000,  0.0000,  1.0000]], device='cuda:0')

tensor([[ 0.9912, -0.1001, -0.0341,  0.1471],
        [ 0.1005,  0.9913,  0.0086, -0.0141],
        [ 0.0323, -0.0119,  0.9999,  0.0032],
        [ 0.0000,  0.0000,  0.0000,  1.0000]], device='cuda:0')

tensor([[ 0.9904, -0.1065, -0.0350,  0.1541],
        [ 0.1070,  0.9904,  0.0088, -0.0131],
        [ 0.0331, -0.0124,  1.0000,  0.0035],
        [ 0.0000,  0.0000,  0.0000,  1.0000]], device='cuda:0')

tensor([[ 0.9893, -0.1144, -0.0360,  0.1604],
        [ 0.1149,  0.9893,  0.0090, -0.0124],
        [ 0.0339, -0.0130,  1.0000,  0.0038],
        [ 0.0000,  0.0000,  0.0000,  1.0000]], device='cuda:0')

tensor([[ 0.9882, -0.1222, -0.0372,  0.1670],
        [ 0.1227,  0.9883,  0.0089, -0.0118],
        [ 0.0349, -0.0133,  0.9999,  0.0041],
        [ 0.0000,  0.0000,  0.0000,  1.0000]], device='cuda:0')

tensor([[ 0.9871, -0.1310, -0.0385,  0.1733],
        [ 0.1316,  0.9871,  0.0093, -0.0122],
        [ 0.0360, -0.0142,  0.9999,  0.0044],
        [ 0.0000,  0.0000,  0.0000,  1.0000]], device='cuda:0')

tensor([[ 0.9863, -0.1378, -0.0396,  0.1798],
        [ 0.1384,  0.9863,  0.0098, -0.0124],
        [ 0.0369, -0.0151,  0.9999,  0.0048],
        [ 0.0000,  0.0000,  0.0000,  1.0000]], device='cuda:0')

tensor([[ 0.9850, -0.1468, -0.0411,  0.1860],
        [ 0.1475,  0.9850,  0.0103, -0.0133],
        [ 0.0381, -0.0161,  0.9999,  0.0052],
        [ 0.0000,  0.0000,  0.0000,  1.0000]], device='cuda:0')

tensor([[ 0.9830, -0.1583, -0.0428,  0.1925],
        [ 0.1590,  0.9830,  0.0114, -0.0158],
        [ 0.0395, -0.0179,  0.9999,  0.0056],
        [ 0.0000,  0.0000,  0.0000,  1.0000]], device='cuda:0')

tensor([[ 0.9808, -0.1699, -0.0449,  0.1996],
        [ 0.1708,  0.9809,  0.0126, -0.0193],
        [ 0.0411, -0.0200,  0.9999,  0.0061],
        [ 0.0000,  0.0000,  0.0000,  1.0000]], device='cuda:0')

tensor([[ 0.9788, -0.1809, -0.0473,  0.2076],
        [ 0.1818,  0.9789,  0.0134, -0.0224],
        [ 0.0431, -0.0217,  0.9999,  0.0067],
        [ 0.0000,  0.0000,  0.0000,  1.0000]], device='cuda:0')

tensor([[ 0.9767, -0.1920, -0.0496,  0.2146],
        [ 0.1931,  0.9768,  0.0144, -0.0254],
        [ 0.0448, -0.0235,  0.9999,  0.0072],
        [ 0.0000,  0.0000,  0.0000,  1.0000]], device='cuda:0')

tensor([[ 0.9738, -0.2048, -0.0513,  0.2205],
        [ 0.2059,  0.9739,  0.0153, -0.0281],
        [ 0.0460, -0.0253,  0.9999,  0.0077],
        [ 0.0000,  0.0000,  0.0000,  1.0000]], device='cuda:0')

tensor([[ 0.9707, -0.2177, -0.0528,  0.2267],
        [ 0.2190,  0.9712,  0.0160, -0.0304],
        [ 0.0469, -0.0270,  0.9999,  0.0082],
        [ 0.0000,  0.0000,  0.0000,  1.0000]], device='cuda:0')

tensor([[ 0.9676, -0.2305, -0.0544,  0.2324],
        [ 0.2319,  0.9681,  0.0169, -0.0327],
        [ 0.0479, -0.0288,  0.9999,  0.0087],
        [ 0.0000,  0.0000,  0.0000,  1.0000]], device='cuda:0')

tensor([[ 0.9647, -0.2423, -0.0561,  0.2389],
        [ 0.2438,  0.9653,  0.0174, -0.0336],
        [ 0.0490, -0.0302,  0.9999,  0.0093],
        [ 0.0000,  0.0000,  0.0000,  1.0000]], device='cuda:0')

tensor([[ 0.9618, -0.2534, -0.0579,  0.2460],
        [ 0.2550,  0.9624,  0.0176, -0.0339],
        [ 0.0503, -0.0315,  0.9999,  0.0099],
        [ 0.0000,  0.0000,  0.0000,  1.0000]], device='cuda:0')

tensor([[ 0.9592, -0.2627, -0.0594,  0.2528],
        [ 0.2643,  0.9598,  0.0175, -0.0329],
        [ 0.0514, -0.0322,  0.9999,  0.0104],
        [ 0.0000,  0.0000,  0.0000,  1.0000]], device='cuda:0')

tensor([[ 0.9566, -0.2722, -0.0607,  0.2601],
        [ 0.2737,  0.9572,  0.0174, -0.0327],
        [ 0.0523, -0.0330,  0.9999,  0.0110],
        [ 0.0000,  0.0000,  0.0000,  1.0000]], device='cuda:0')

tensor([[ 0.9538, -0.2810, -0.0619,  0.2679],
        [ 0.2825,  0.9543,  0.0173, -0.0328],
        [ 0.0532, -0.0336,  0.9999,  0.0116],
        [ 0.0000,  0.0000,  0.0000,  1.0000]], device='cuda:0')

tensor([[ 0.9508, -0.2896, -0.0632,  0.2759],
        [ 0.2912,  0.9513,  0.0180, -0.0338],
        [ 0.0539, -0.0352,  0.9999,  0.0123],
        [ 0.0000,  0.0000,  0.0000,  1.0000]], device='cuda:0')

tensor([[ 0.9469, -0.3010, -0.0641,  0.2822],
        [ 0.3028,  0.9474,  0.0185, -0.0341],
        [ 0.0542, -0.0366,  0.9999,  0.0128],
        [ 0.0000,  0.0000,  0.0000,  1.0000]], device='cuda:0')

tensor([[ 0.9422, -0.3144, -0.0652,  0.2871],
        [ 0.3162,  0.9427,  0.0194, -0.0334],
        [ 0.0544, -0.0385,  0.9999,  0.0133],
        [ 0.0000,  0.0000,  0.0000,  1.0000]], device='cuda:0')

tensor([[ 0.9375, -0.3284, -0.0664,  0.2922],
        [ 0.3302,  0.9380,  0.0195, -0.0312],
        [ 0.0549, -0.0398,  0.9999,  0.0138],
        [ 0.0000,  0.0000,  0.0000,  1.0000]], device='cuda:0')

tensor([[ 0.9317, -0.3439, -0.0678,  0.2979],
        [ 0.3456,  0.9323,  0.0190, -0.0273],
        [ 0.0556, -0.0406,  0.9999,  0.0142],
        [ 0.0000,  0.0000,  0.0000,  1.0000]], device='cuda:0')

tensor([[ 0.9251, -0.3606, -0.0692,  0.3036],
        [ 0.3623,  0.9256,  0.0181, -0.0238],
        [ 0.0564, -0.0413,  0.9999,  0.0147],
        [ 0.0000,  0.0000,  0.0000,  1.0000]], device='cuda:0')

tensor([[ 0.9189, -0.3758, -0.0707,  0.3096],
        [ 0.3776,  0.9195,  0.0173, -0.0206],
        [ 0.0574, -0.0420,  0.9999,  0.0153],
        [ 0.0000,  0.0000,  0.0000,  1.0000]], device='cuda:0')

tensor([[ 0.9122, -0.3912, -0.0722,  0.3165],
        [ 0.3931,  0.9127,  0.0165, -0.0178],
        [ 0.0584, -0.0429,  0.9999,  0.0159],
        [ 0.0000,  0.0000,  0.0000,  1.0000]], device='cuda:0')

tensor([[ 0.9054, -0.4056, -0.0736,  0.3223],
        [ 0.4075,  0.9060,  0.0156, -0.0153],
        [ 0.0592, -0.0435,  0.9999,  0.0165],
        [ 0.0000,  0.0000,  0.0000,  1.0000]], device='cuda:0')

tensor([[ 0.8988, -0.4188, -0.0754,  0.3279],
        [ 0.4208,  0.8999,  0.0147, -0.0127],
        [ 0.0605, -0.0443,  0.9999,  0.0171],
        [ 0.0000,  0.0000,  0.0000,  1.0000]], device='cuda:0')

tensor([[ 0.8940, -0.4283, -0.0774,  0.3340],
        [ 0.4306,  0.8952,  0.0137, -0.0105],
        [ 0.0623, -0.0449,  0.9999,  0.0178],
        [ 0.0000,  0.0000,  0.0000,  1.0000]], device='cuda:0')

tensor([[ 0.8888, -0.4385, -0.0787,  0.3398],
        [ 0.4409,  0.8898,  0.0125, -0.0071],
        [ 0.0634, -0.0451,  0.9999,  0.0183],
        [ 0.0000,  0.0000,  0.0000,  1.0000]], device='cuda:0')

tensor([[ 0.8836, -0.4481, -0.0798,  0.3443],
        [ 0.4506,  0.8846,  0.0120, -0.0050],
        [ 0.0640, -0.0458,  0.9999,  0.0189],
        [ 0.0000,  0.0000,  0.0000,  1.0000]], device='cuda:0')

tensor([[ 0.8788, -0.4573, -0.0801,  0.3478],
        [ 0.4599,  0.8798,  0.0114, -0.0030],
        [ 0.0640, -0.0461,  1.0000,  0.0193],
        [ 0.0000,  0.0000,  0.0000,  1.0000]], device='cuda:0')

tensor([[ 0.8751, -0.4641, -0.0802,  0.3516],
        [ 0.4667,  0.8760,  0.0106, -0.0014],
        [ 0.0640, -0.0459,  1.0000,  0.0198],
        [ 0.0000,  0.0000,  0.0000,  1.0000]], device='cuda:0')

tensor([[ 0.8724, -0.4683, -0.0797,  0.3551],
        [ 0.4709,  0.8734,  0.0098,  0.0021],
        [ 0.0637, -0.0453,  1.0000,  0.0202],
        [ 0.0000,  0.0000,  0.0000,  1.0000]], device='cuda:0')

tensor([[ 0.8702, -0.4721, -0.0790,  0.3577],
        [ 0.4747,  0.8711,  0.0091,  0.0052],
        [ 0.0630, -0.0446,  1.0000,  0.0206],
        [ 0.0000,  0.0000,  0.0000,  1.0000]], device='cuda:0')

tensor([[ 0.8675, -0.4763, -0.0788,  0.3596],
        [ 0.4788,  0.8684,  0.0087,  0.0074],
        [ 0.0628, -0.0444,  1.0000,  0.0209],
        [ 0.0000,  0.0000,  0.0000,  1.0000]], device='cuda:0')

tensor([[ 0.8651, -0.4801, -0.0795,  0.3628],
        [ 0.4826,  0.8661,  0.0086,  0.0090],
        [ 0.0631, -0.0450,  0.9999,  0.0212],
        [ 0.0000,  0.0000,  0.0000,  1.0000]], device='cuda:0')

tensor([[ 0.8622, -0.4843, -0.0800,  0.3665],
        [ 0.4870,  0.8632,  0.0081,  0.0111],
        [ 0.0635, -0.0451,  1.0000,  0.0216],
        [ 0.0000,  0.0000,  0.0000,  1.0000]], device='cuda:0')

tensor([[ 0.8603, -0.4869, -0.0796,  0.3701],
        [ 0.4896,  0.8613,  0.0076,  0.0137],
        [ 0.0631, -0.0446,  1.0000,  0.0220],
        [ 0.0000,  0.0000,  0.0000,  1.0000]], device='cuda:0')

tensor([[ 0.8582, -0.4896, -0.0790,  0.3736],
        [ 0.4922,  0.8592,  0.0070,  0.0168],
        [ 0.0627, -0.0440,  1.0000,  0.0224],
        [ 0.0000,  0.0000,  0.0000,  1.0000]], device='cuda:0')

tensor([[ 0.8548, -0.4948, -0.0794,  0.3797],
        [ 0.4974,  0.8559,  0.0061,  0.0198],
        [ 0.0632, -0.0437,  1.0000,  0.0229],
        [ 0.0000,  0.0000,  0.0000,  1.0000]], device='cuda:0')

tensor([[ 0.8518, -0.4994, -0.0799,  0.3863],
        [ 0.5018,  0.8528,  0.0051,  0.0225],
        [ 0.0638, -0.0434,  1.0000,  0.0234],
        [ 0.0000,  0.0000,  0.0000,  1.0000]], device='cuda:0')

tensor([[ 0.8495, -0.5021, -0.0802,  0.3931],
        [ 0.5044,  0.8510,  0.0039,  0.0249],
        [ 0.0645, -0.0427,  1.0000,  0.0240],
        [ 0.0000,  0.0000,  0.0000,  1.0000]], device='cuda:0')

tensor([[ 0.8482, -0.5033, -0.0805,  0.4001],
        [ 0.5057,  0.8498,  0.0027,  0.0272],
        [ 0.0653, -0.0420,  1.0000,  0.0246],
        [ 0.0000,  0.0000,  0.0000,  1.0000]], device='cuda:0')

tensor([[ 0.8458, -0.5063, -0.0811,  0.4068],
        [ 0.5087,  0.8473,  0.0014,  0.0298],
        [ 0.0663, -0.0414,  0.9999,  0.0251],
        [ 0.0000,  0.0000,  0.0000,  1.0000]], device='cuda:0')

tensor([[ 8.4479e-01, -5.0682e-01, -8.1698e-02,  4.1328e-01],
        [ 5.0920e-01,  8.4635e-01,  9.1265e-05,  3.2664e-02],
        [ 6.7488e-02, -4.0652e-02,  9.9994e-01,  2.5760e-02],
        [ 0.0000e+00,  0.0000e+00,  0.0000e+00,  1.0000e+00]], device='cuda:0')

tensor([[ 0.8429, -0.5087, -0.0822,  0.4191],
        [ 0.5111,  0.8445, -0.0012,  0.0354],
        [ 0.0684, -0.0399,  1.0000,  0.0263],
        [ 0.0000,  0.0000,  0.0000,  1.0000]], device='cuda:0')

tensor([[ 0.8405, -0.5116, -0.0822,  0.4243],
        [ 0.5140,  0.8425, -0.0019,  0.0369],
        [ 0.0687, -0.0396,  1.0000,  0.0269],
        [ 0.0000,  0.0000,  0.0000,  1.0000]], device='cuda:0')

tensor([[ 0.8378, -0.5148, -0.0828,  0.4302],
        [ 0.5172,  0.8398, -0.0026,  0.0380],
        [ 0.0695, -0.0396,  0.9999,  0.0275],
        [ 0.0000,  0.0000,  0.0000,  1.0000]], device='cuda:0')

tensor([[ 0.8367, -0.5154, -0.0838,  0.4367],
        [ 0.5178,  0.8387, -0.0037,  0.0403],
        [ 0.0708, -0.0393,  0.9999,  0.0282],
        [ 0.0000,  0.0000,  0.0000,  1.0000]], device='cuda:0')

tensor([[ 0.8356, -0.5160, -0.0848,  0.4439],
        [ 0.5184,  0.8377, -0.0043,  0.0421],
        [ 0.0720, -0.0394,  0.9999,  0.0289],
        [ 0.0000,  0.0000,  0.0000,  1.0000]], device='cuda:0')

tensor([[ 0.8340, -0.5171, -0.0861,  0.4527],
        [ 0.5196,  0.8366, -0.0048,  0.0436],
        [ 0.0732, -0.0398,  0.9999,  0.0298],
        [ 0.0000,  0.0000,  0.0000,  1.0000]], device='cuda:0')

tensor([[ 0.8334, -0.5167, -0.0873,  0.4613],
        [ 0.5191,  0.8360, -0.0054,  0.0454],
        [ 0.0745, -0.0399,  0.9999,  0.0307],
        [ 0.0000,  0.0000,  0.0000,  1.0000]], device='cuda:0')

tensor([[ 0.8330, -0.5162, -0.0884,  0.4692],
        [ 0.5186,  0.8355, -0.0063,  0.0476],
        [ 0.0759, -0.0396,  0.9999,  0.0316],
        [ 0.0000,  0.0000,  0.0000,  1.0000]], device='cuda:0')

tensor([[ 0.8349, -0.5121, -0.0894,  0.4774],
        [ 0.5146,  0.8374, -0.0066,  0.0493],
        [ 0.0771, -0.0396,  0.9999,  0.0324],
        [ 0.0000,  0.0000,  0.0000,  1.0000]], device='cuda:0')

tensor([[ 0.8363, -0.5090, -0.0907,  0.4855],
        [ 0.5114,  0.8388, -0.0069,  0.0512],
        [ 0.0784, -0.0398,  0.9999,  0.0334],
        [ 0.0000,  0.0000,  0.0000,  1.0000]], device='cuda:0')

tensor([[ 0.8378, -0.5055, -0.0916,  0.4928],
        [ 0.5079,  0.8403, -0.0074,  0.0538],
        [ 0.0795, -0.0395,  0.9999,  0.0342],
        [ 0.0000,  0.0000,  0.0000,  1.0000]], device='cuda:0')

tensor([[ 0.8406, -0.4999, -0.0927,  0.4997],
        [ 0.5024,  0.8431, -0.0073,  0.0561],
        [ 0.0807, -0.0397,  0.9999,  0.0351],
        [ 0.0000,  0.0000,  0.0000,  1.0000]], device='cuda:0')

tensor([[ 0.8420, -0.4966, -0.0942,  0.5069],
        [ 0.4991,  0.8446, -0.0076,  0.0585],
        [ 0.0821, -0.0399,  0.9999,  0.0359],
        [ 0.0000,  0.0000,  0.0000,  1.0000]], device='cuda:0')

tensor([[ 0.8418, -0.4952, -0.0957,  0.5142],
        [ 0.4976,  0.8449, -0.0083,  0.0613],
        [ 0.0839, -0.0400,  0.9998,  0.0369],
        [ 0.0000,  0.0000,  0.0000,  1.0000]], device='cuda:0')

tensor([[ 0.8422, -0.4929, -0.0973,  0.5219],
        [ 0.4953,  0.8453, -0.0095,  0.0649],
        [ 0.0859, -0.0396,  0.9998,  0.0379],
        [ 0.0000,  0.0000,  0.0000,  1.0000]], device='cuda:0')

tensor([[ 0.8424, -0.4913, -0.0986,  0.5294],
        [ 0.4937,  0.8455, -0.0107,  0.0686],
        [ 0.0878, -0.0390,  0.9998,  0.0388],
        [ 0.0000,  0.0000,  0.0000,  1.0000]], device='cuda:0')

tensor([[ 0.8432, -0.4881, -0.1000,  0.5365],
        [ 0.4905,  0.8468, -0.0117,  0.0724],
        [ 0.0897, -0.0386,  0.9998,  0.0398],
        [ 0.0000,  0.0000,  0.0000,  1.0000]], device='cuda:0')

tensor([[ 0.8442, -0.4850, -0.1015,  0.5438],
        [ 0.4874,  0.8478, -0.0125,  0.0757],
        [ 0.0915, -0.0383,  0.9998,  0.0408],
        [ 0.0000,  0.0000,  0.0000,  1.0000]], device='cuda:0')

tensor([[ 0.8452, -0.4821, -0.1028,  0.5511],
        [ 0.4845,  0.8488, -0.0132,  0.0788],
        [ 0.0931, -0.0380,  0.9998,  0.0418],
        [ 0.0000,  0.0000,  0.0000,  1.0000]], device='cuda:0')

tensor([[ 0.8454, -0.4805, -0.1037,  0.5578],
        [ 0.4827,  0.8490, -0.0137,  0.0813],
        [ 0.0942, -0.0379,  0.9999,  0.0427],
        [ 0.0000,  0.0000,  0.0000,  1.0000]], device='cuda:0')

tensor([[ 0.8463, -0.4775, -0.1045,  0.5634],
        [ 0.4797,  0.8503, -0.0138,  0.0835],
        [ 0.0950, -0.0378,  0.9999,  0.0436],
        [ 0.0000,  0.0000,  0.0000,  1.0000]], device='cuda:0')

tensor([[ 0.8485, -0.4723, -0.1057,  0.5692],
        [ 0.4745,  0.8525, -0.0138,  0.0853],
        [ 0.0963, -0.0379,  0.9999,  0.0444],
        [ 0.0000,  0.0000,  0.0000,  1.0000]], device='cuda:0')

tensor([[ 0.8498, -0.4690, -0.1066,  0.5748],
        [ 0.4713,  0.8538, -0.0137,  0.0870],
        [ 0.0971, -0.0381,  0.9999,  0.0452],
        [ 0.0000,  0.0000,  0.0000,  1.0000]], device='cuda:0')

tensor([[ 0.8511, -0.4650, -0.1073,  0.5808],
        [ 0.4672,  0.8555, -0.0130,  0.0878],
        [ 0.0975, -0.0386,  0.9999,  0.0461],
        [ 0.0000,  0.0000,  0.0000,  1.0000]], device='cuda:0')

tensor([[ 0.8525, -0.4611, -0.1078,  0.5864],
        [ 0.4636,  0.8569, -0.0121,  0.0882],
        [ 0.0976, -0.0393,  0.9999,  0.0468],
        [ 0.0000,  0.0000,  0.0000,  1.0000]], device='cuda:0')

tensor([[ 0.8537, -0.4578, -0.1084,  0.5914],
        [ 0.4603,  0.8582, -0.0113,  0.0885],
        [ 0.0978, -0.0401,  0.9999,  0.0476],
        [ 0.0000,  0.0000,  0.0000,  1.0000]], device='cuda:0')

tensor([[ 0.8546, -0.4545, -0.1093,  0.5974],
        [ 0.4573,  0.8595, -0.0104,  0.0887],
        [ 0.0984, -0.0411,  0.9999,  0.0485],
        [ 0.0000,  0.0000,  0.0000,  1.0000]], device='cuda:0')

tensor([[ 0.8547, -0.4530, -0.1106,  0.6035],
        [ 0.4561,  0.8596, -0.0092,  0.0887],
        [ 0.0990, -0.0427,  0.9999,  0.0494],
        [ 0.0000,  0.0000,  0.0000,  1.0000]], device='cuda:0')

tensor([[ 0.8560, -0.4490, -0.1121,  0.6102],
        [ 0.4522,  0.8615, -0.0085,  0.0892],
        [ 0.1002, -0.0436,  0.9998,  0.0504],
        [ 0.0000,  0.0000,  0.0000,  1.0000]], device='cuda:0')

tensor([[ 0.8564, -0.4469, -0.1139,  0.6176],
        [ 0.4502,  0.8620, -0.0084,  0.0907],
        [ 0.1018, -0.0443,  0.9998,  0.0515],
        [ 0.0000,  0.0000,  0.0000,  1.0000]], device='cuda:0')

tensor([[ 0.8564, -0.4458, -0.1156,  0.6247],
        [ 0.4491,  0.8620, -0.0082,  0.0909],
        [ 0.1033, -0.0452,  0.9998,  0.0525],
        [ 0.0000,  0.0000,  0.0000,  1.0000]], device='cuda:0')

tensor([[ 0.8554, -0.4467, -0.1171,  0.6324],
        [ 0.4499,  0.8609, -0.0082,  0.0914],
        [ 0.1046, -0.0460,  0.9998,  0.0536],
        [ 0.0000,  0.0000,  0.0000,  1.0000]], device='cuda:0')

tensor([[ 0.8554, -0.4457, -0.1179,  0.6390],
        [ 0.4489,  0.8609, -0.0085,  0.0922],
        [ 0.1055, -0.0460,  0.9999,  0.0546],
        [ 0.0000,  0.0000,  0.0000,  1.0000]], device='cuda:0')

tensor([[ 0.8553, -0.4450, -0.1187,  0.6447],
        [ 0.4481,  0.8608, -0.0089,  0.0928],
        [ 0.1064, -0.0459,  0.9999,  0.0554],
        [ 0.0000,  0.0000,  0.0000,  1.0000]], device='cuda:0')

tensor([[ 0.8551, -0.4447, -0.1197,  0.6516],
        [ 0.4478,  0.8606, -0.0098,  0.0944],
        [ 0.1077, -0.0456,  0.9999,  0.0565],
        [ 0.0000,  0.0000,  0.0000,  1.0000]], device='cuda:0')

tensor([[ 0.8550, -0.4436, -0.1205,  0.6582],
        [ 0.4467,  0.8609, -0.0107,  0.0958],
        [ 0.1089, -0.0451,  0.9999,  0.0575],
        [ 0.0000,  0.0000,  0.0000,  1.0000]], device='cuda:0')

tensor([[ 0.8554, -0.4418, -0.1212,  0.6640],
        [ 0.4449,  0.8614, -0.0112,  0.0974],
        [ 0.1098, -0.0447,  0.9999,  0.0584],
        [ 0.0000,  0.0000,  0.0000,  1.0000]], device='cuda:0')

tensor([[ 0.8548, -0.4420, -0.1220,  0.6706],
        [ 0.4451,  0.8607, -0.0115,  0.0983],
        [ 0.1106, -0.0449,  0.9999,  0.0594],
        [ 0.0000,  0.0000,  0.0000,  1.0000]], device='cuda:0')

tensor([[ 0.8531, -0.4446, -0.1228,  0.6769],
        [ 0.4479,  0.8590, -0.0111,  0.0982],
        [ 0.1110, -0.0461,  0.9999,  0.0604],
        [ 0.0000,  0.0000,  0.0000,  1.0000]], device='cuda:0')

tensor([[ 0.8523, -0.4448, -0.1240,  0.6828],
        [ 0.4484,  0.8582, -0.0105,  0.0981],
        [ 0.1117, -0.0472,  0.9999,  0.0614],
        [ 0.0000,  0.0000,  0.0000,  1.0000]], device='cuda:0')

tensor([[ 0.8526, -0.4425, -0.1251,  0.6887],
        [ 0.4462,  0.8591, -0.0107,  0.0998],
        [ 0.1128, -0.0473,  0.9999,  0.0625],
        [ 0.0000,  0.0000,  0.0000,  1.0000]], device='cuda:0')

tensor([[ 0.8550, -0.4368, -0.1267,  0.6957],
        [ 0.4404,  0.8616, -0.0113,  0.1023],
        [ 0.1148, -0.0468,  0.9998,  0.0636],
        [ 0.0000,  0.0000,  0.0000,  1.0000]], device='cuda:0')

tensor([[ 0.8590, -0.4281, -0.1280,  0.7020],
        [ 0.4317,  0.8655, -0.0118,  0.1043],
        [ 0.1166, -0.0458,  0.9998,  0.0647],
        [ 0.0000,  0.0000,  0.0000,  1.0000]], device='cuda:0')

tensor([[ 0.8637, -0.4177, -0.1294,  0.7078],
        [ 0.4211,  0.8707, -0.0117,  0.1059],
        [ 0.1183, -0.0450,  0.9998,  0.0657],
        [ 0.0000,  0.0000,  0.0000,  1.0000]], device='cuda:0')

tensor([[ 0.8666, -0.4111, -0.1308,  0.7138],
        [ 0.4144,  0.8736, -0.0121,  0.1077],
        [ 0.1202, -0.0444,  0.9998,  0.0668],
        [ 0.0000,  0.0000,  0.0000,  1.0000]], device='cuda:0')

tensor([[ 0.8712, -0.4006, -0.1326,  0.7204],
        [ 0.4041,  0.8783, -0.0122,  0.1086],
        [ 0.1224, -0.0437,  0.9997,  0.0679],
        [ 0.0000,  0.0000,  0.0000,  1.0000]], device='cuda:0')

tensor([[ 0.8741, -0.3932, -0.1343,  0.7263],
        [ 0.3967,  0.8816, -0.0122,  0.1102],
        [ 0.1242, -0.0434,  0.9993,  0.0690],
        [ 0.0000,  0.0000,  0.0000,  1.0000]], device='cuda:0')

tensor([[ 0.8757, -0.3886, -0.1357,  0.7321],
        [ 0.3920,  0.8837, -0.0121,  0.1115],
        [ 0.1257, -0.0435,  0.9993,  0.0700],
        [ 0.0000,  0.0000,  0.0000,  1.0000]], device='cuda:0')

tensor([[ 0.8775, -0.3831, -0.1372,  0.7380],
        [ 0.3865,  0.8861, -0.0123,  0.1132],
        [ 0.1275, -0.0431,  0.9993,  0.0711],
        [ 0.0000,  0.0000,  0.0000,  1.0000]], device='cuda:0')

tensor([[ 0.8781, -0.3806, -0.1385,  0.7439],
        [ 0.3840,  0.8871, -0.0126,  0.1149],
        [ 0.1289, -0.0430,  0.9993,  0.0722],
        [ 0.0000,  0.0000,  0.0000,  1.0000]], device='cuda:0')

tensor([[ 0.8795, -0.3760, -0.1398,  0.7505],
        [ 0.3794,  0.8889, -0.0129,  0.1161],
        [ 0.1304, -0.0425,  0.9993,  0.0732],
        [ 0.0000,  0.0000,  0.0000,  1.0000]], device='cuda:0')

tensor([[ 0.8797, -0.3740, -0.1412,  0.7570],
        [ 0.3775,  0.8896, -0.0131,  0.1166],
        [ 0.1318, -0.0426,  0.9993,  0.0743],
        [ 0.0000,  0.0000,  0.0000,  1.0000]], device='cuda:0')

tensor([[ 0.8801, -0.3723, -0.1427,  0.7631],
        [ 0.3757,  0.8900, -0.0134,  0.1174],
        [ 0.1332, -0.0427,  0.9993,  0.0754],
        [ 0.0000,  0.0000,  0.0000,  1.0000]], device='cuda:0')

tensor([[ 0.8799, -0.3709, -0.1442,  0.7698],
        [ 0.3743,  0.8904, -0.0138,  0.1187],
        [ 0.1348, -0.0427,  0.9993,  0.0766],
        [ 0.0000,  0.0000,  0.0000,  1.0000]], device='cuda:0')

tensor([[ 0.8803, -0.3687, -0.1455,  0.7762],
        [ 0.3721,  0.8907, -0.0145,  0.1201],
        [ 0.1364, -0.0422,  0.9993,  0.0777],
        [ 0.0000,  0.0000,  0.0000,  1.0000]], device='cuda:0')

tensor([[ 0.8810, -0.3659, -0.1471,  0.7833],
        [ 0.3693,  0.8914, -0.0146,  0.1204],
        [ 0.1381, -0.0424,  0.9993,  0.0790],
        [ 0.0000,  0.0000,  0.0000,  1.0000]], device='cuda:0')

tensor([[ 0.8813, -0.3637, -0.1483,  0.7900],
        [ 0.3671,  0.8922, -0.0145,  0.1203],
        [ 0.1394, -0.0426,  0.9988,  0.0803],
        [ 0.0000,  0.0000,  0.0000,  1.0000]], device='cuda:0')

tensor([[ 0.8832, -0.3582, -0.1493,  0.7964],
        [ 0.3616,  0.8941, -0.0146,  0.1206],
        [ 0.1406, -0.0421,  0.9989,  0.0814],
        [ 0.0000,  0.0000,  0.0000,  1.0000]], device='cuda:0')

tensor([[ 0.8849, -0.3529, -0.1504,  0.8031],
        [ 0.3564,  0.8959, -0.0145,  0.1208],
        [ 0.1419, -0.0418,  0.9988,  0.0826],
        [ 0.0000,  0.0000,  0.0000,  1.0000]], device='cuda:0')

tensor([[ 0.8880, -0.3438, -0.1517,  0.8099],
        [ 0.3472,  0.8995, -0.0143,  0.1212],
        [ 0.1436, -0.0411,  0.9988,  0.0839],
        [ 0.0000,  0.0000,  0.0000,  1.0000]], device='cuda:0')

tensor([[ 0.8916, -0.3335, -0.1535,  0.8176],
        [ 0.3369,  0.9031, -0.0140,  0.1214],
        [ 0.1457, -0.0404,  0.9987,  0.0853],
        [ 0.0000,  0.0000,  0.0000,  1.0000]], device='cuda:0')

tensor([[ 0.8944, -0.3246, -0.1552,  0.8253],
        [ 0.3280,  0.9064, -0.0138,  0.1226],
        [ 0.1475, -0.0398,  0.9983,  0.0868],
        [ 0.0000,  0.0000,  0.0000,  1.0000]], device='cuda:0')

tensor([[ 0.8956, -0.3200, -0.1568,  0.8333],
        [ 0.3235,  0.9076, -0.0134,  0.1232],
        [ 0.1491, -0.0401,  0.9978,  0.0883],
        [ 0.0000,  0.0000,  0.0000,  1.0000]], device='cuda:0')

tensor([[ 0.8960, -0.3170, -0.1583,  0.8413],
        [ 0.3205,  0.9085, -0.0131,  0.1235],
        [ 0.1506, -0.0404,  0.9973,  0.0897],
        [ 0.0000,  0.0000,  0.0000,  1.0000]], device='cuda:0')

tensor([[ 0.8972, -0.3125, -0.1599,  0.8492],
        [ 0.3159,  0.9101, -0.0132,  0.1248],
        [ 0.1523, -0.0400,  0.9968,  0.0912],
        [ 0.0000,  0.0000,  0.0000,  1.0000]], device='cuda:0')

tensor([[ 0.8990, -0.3056, -0.1613,  0.8569],
        [ 0.3088,  0.9124, -0.0138,  0.1265],
        [ 0.1541, -0.0388,  0.9963,  0.0928],
        [ 0.0000,  0.0000,  0.0000,  1.0000]], device='cuda:0')

tensor([[ 0.8995, -0.3026, -0.1627,  0.8644],
        [ 0.3057,  0.9134, -0.0142,  0.1277],
        [ 0.1558, -0.0384,  0.9963,  0.0943],
        [ 0.0000,  0.0000,  0.0000,  1.0000]], device='cuda:0')

tensor([[ 0.9006, -0.2978, -0.1640,  0.8715],
        [ 0.3007,  0.9151, -0.0146,  0.1297],
        [ 0.1574, -0.0376,  0.9959,  0.0957],
        [ 0.0000,  0.0000,  0.0000,  1.0000]], device='cuda:0')

tensor([[ 0.9020, -0.2932, -0.1653,  0.8784],
        [ 0.2961,  0.9164, -0.0148,  0.1310],
        [ 0.1590, -0.0370,  0.9959,  0.0971],
        [ 0.0000,  0.0000,  0.0000,  1.0000]], device='cuda:0')

tensor([[ 0.9040, -0.2853, -0.1665,  0.8849],
        [ 0.2881,  0.9189, -0.0151,  0.1323],
        [ 0.1606, -0.0357,  0.9959,  0.0984],
        [ 0.0000,  0.0000,  0.0000,  1.0000]], device='cuda:0')

tensor([[ 0.9062, -0.2768, -0.1675,  0.8907],
        [ 0.2793,  0.9215, -0.0154,  0.1337],
        [ 0.1620, -0.0341,  0.9959,  0.0997],
        [ 0.0000,  0.0000,  0.0000,  1.0000]], device='cuda:0')

tensor([[ 0.9084, -0.2691, -0.1679,  0.8959],
        [ 0.2713,  0.9236, -0.0159,  0.1357],
        [ 0.1628, -0.0324,  0.9960,  0.1008],
        [ 0.0000,  0.0000,  0.0000,  1.0000]], device='cuda:0')

tensor([[ 0.9096, -0.2635, -0.1685,  0.9013],
        [ 0.2655,  0.9253, -0.0163,  0.1384],
        [ 0.1636, -0.0312,  0.9960,  0.1019],
        [ 0.0000,  0.0000,  0.0000,  1.0000]], device='cuda:0')

tensor([[ 0.9111, -0.2571, -0.1695,  0.9073],
        [ 0.2592,  0.9269, -0.0166,  0.1404],
        [ 0.1649, -0.0301,  0.9959,  0.1032],
        [ 0.0000,  0.0000,  0.0000,  1.0000]], device='cuda:0')

tensor([[ 0.9126, -0.2506, -0.1704,  0.9129],
        [ 0.2527,  0.9284, -0.0169,  0.1421],
        [ 0.1660, -0.0288,  0.9959,  0.1043],
        [ 0.0000,  0.0000,  0.0000,  1.0000]], device='cuda:0')

tensor([[ 0.9136, -0.2459, -0.1709,  0.9177],
        [ 0.2478,  0.9294, -0.0171,  0.1439],
        [ 0.1667, -0.0279,  0.9960,  0.1054],
        [ 0.0000,  0.0000,  0.0000,  1.0000]], device='cuda:0')

tensor([[ 0.9142, -0.2424, -0.1715,  0.9220],
        [ 0.2442,  0.9299, -0.0171,  0.1450],
        [ 0.1674, -0.0275,  0.9960,  0.1064],
        [ 0.0000,  0.0000,  0.0000,  1.0000]], device='cuda:0')

tensor([[ 0.9149, -0.2380, -0.1720,  0.9264],
        [ 0.2398,  0.9306, -0.0172,  0.1461],
        [ 0.1680, -0.0268,  0.9960,  0.1074],
        [ 0.0000,  0.0000,  0.0000,  1.0000]], device='cuda:0')

tensor([[ 0.9163, -0.2322, -0.1725,  0.9299],
        [ 0.2338,  0.9320, -0.0175,  0.1479],
        [ 0.1687, -0.0255,  0.9960,  0.1083],
        [ 0.0000,  0.0000,  0.0000,  1.0000]], device='cuda:0')

tensor([[ 0.9172, -0.2279, -0.1730,  0.9343],
        [ 0.2295,  0.9330, -0.0179,  0.1500],
        [ 0.1694, -0.0244,  0.9960,  0.1093],
        [ 0.0000,  0.0000,  0.0000,  1.0000]], device='cuda:0')

tensor([[ 0.9175, -0.2262, -0.1734,  0.9387],
        [ 0.2277,  0.9332, -0.0185,  0.1524],
        [ 0.1701, -0.0236,  0.9960,  0.1104],
        [ 0.0000,  0.0000,  0.0000,  1.0000]], device='cuda:0')

tensor([[ 0.9171, -0.2259, -0.1739,  0.9432],
        [ 0.2273,  0.9328, -0.0188,  0.1539],
        [ 0.1705, -0.0233,  0.9960,  0.1114],
        [ 0.0000,  0.0000,  0.0000,  1.0000]], device='cuda:0')

tensor([[ 0.9169, -0.2248, -0.1743,  0.9477],
        [ 0.2261,  0.9326, -0.0193,  0.1560],
        [ 0.1710, -0.0227,  0.9960,  0.1124],
        [ 0.0000,  0.0000,  0.0000,  1.0000]], device='cuda:0')

tensor([[ 0.9173, -0.2222, -0.1746,  0.9519],
        [ 0.2234,  0.9329, -0.0194,  0.1579],
        [ 0.1714, -0.0223,  0.9960,  0.1135],
        [ 0.0000,  0.0000,  0.0000,  1.0000]], device='cuda:0')

tensor([[ 0.9180, -0.2186, -0.1751,  0.9559],
        [ 0.2196,  0.9337, -0.0195,  0.1601],
        [ 0.1719, -0.0216,  0.9960,  0.1145],
        [ 0.0000,  0.0000,  0.0000,  1.0000]], device='cuda:0')

tensor([[ 0.9178, -0.2172, -0.1755,  0.9599],
        [ 0.2180,  0.9335, -0.0201,  0.1627],
        [ 0.1725, -0.0207,  0.9960,  0.1155],
        [ 0.0000,  0.0000,  0.0000,  1.0000]], device='cuda:0')

tensor([[ 0.9173, -0.2179, -0.1758,  0.9640],
        [ 0.2187,  0.9330, -0.0205,  0.1647],
        [ 0.1728, -0.0205,  0.9960,  0.1165],
        [ 0.0000,  0.0000,  0.0000,  1.0000]], device='cuda:0')

tensor([[ 0.9171, -0.2175, -0.1761,  0.9678],
        [ 0.2182,  0.9328, -0.0210,  0.1664],
        [ 0.1732, -0.0201,  0.9960,  0.1174],
        [ 0.0000,  0.0000,  0.0000,  1.0000]], device='cuda:0')

tensor([[ 0.9176, -0.2135, -0.1765,  0.9724],
        [ 0.2140,  0.9333, -0.0212,  0.1677],
        [ 0.1737, -0.0192,  0.9960,  0.1185],
        [ 0.0000,  0.0000,  0.0000,  1.0000]], device='cuda:0')

tensor([[ 0.9178, -0.2102, -0.1770,  0.9761],
        [ 0.2107,  0.9336, -0.0214,  0.1692],
        [ 0.1743, -0.0185,  0.9960,  0.1195],
        [ 0.0000,  0.0000,  0.0000,  1.0000]], device='cuda:0')

tensor([[ 0.9183, -0.2069, -0.1775,  0.9803],
        [ 0.2073,  0.9340, -0.0215,  0.1699],
        [ 0.1748, -0.0179,  0.9960,  0.1205],
        [ 0.0000,  0.0000,  0.0000,  1.0000]], device='cuda:0')

tensor([[ 0.9196, -0.2003, -0.1778,  0.9831],
        [ 0.2006,  0.9353, -0.0217,  0.1706],
        [ 0.1752, -0.0165,  0.9960,  0.1212],
        [ 0.0000,  0.0000,  0.0000,  1.0000]], device='cuda:0')

tensor([[ 0.9206, -0.1938, -0.1779,  0.9855],
        [ 0.1939,  0.9363, -0.0219,  0.1722],
        [ 0.1756, -0.0151,  0.9960,  0.1219],
        [ 0.0000,  0.0000,  0.0000,  1.0000]], device='cuda:0')

tensor([[ 0.9220, -0.1856, -0.1780,  0.9878],
        [ 0.1855,  0.9376, -0.0223,  0.1738],
        [ 0.1758, -0.0131,  0.9961,  0.1226],
        [ 0.0000,  0.0000,  0.0000,  1.0000]], device='cuda:0')

tensor([[ 0.9236, -0.1767, -0.1777,  0.9901],
        [ 0.1764,  0.9391, -0.0224,  0.1744],
        [ 0.1756, -0.0113,  0.9961,  0.1232],
        [ 0.0000,  0.0000,  0.0000,  1.0000]], device='cuda:0')

tensor([[ 0.9249, -0.1680, -0.1773,  0.9926],
        [ 0.1676,  0.9404, -0.0224,  0.1753],
        [ 0.1753, -0.0097,  0.9962,  0.1238],
        [ 0.0000,  0.0000,  0.0000,  1.0000]], device='cuda:0')

tensor([[ 0.9260, -0.1612, -0.1767,  0.9944],
        [ 0.1608,  0.9415, -0.0219,  0.1759],
        [ 0.1747, -0.0088,  0.9962,  0.1243],
        [ 0.0000,  0.0000,  0.0000,  1.0000]], device='cuda:0')

tensor([[ 0.9269, -0.1544, -0.1760,  0.9957],
        [ 0.1541,  0.9423, -0.0213,  0.1760],
        [ 0.1739, -0.0081,  0.9962,  0.1247],
        [ 0.0000,  0.0000,  0.0000,  1.0000]], device='cuda:0')

tensor([[ 0.9280, -0.1462, -0.1756,  0.9960],
        [ 0.1459,  0.9436, -0.0203,  0.1746],
        [ 0.1734, -0.0075,  0.9962,  0.1249],
        [ 0.0000,  0.0000,  0.0000,  1.0000]], device='cuda:0')

tensor([[ 0.9291, -0.1400, -0.1758,  0.9983],
        [ 0.1396,  0.9442, -0.0201,  0.1751],
        [ 0.1735, -0.0066,  0.9961,  0.1254],
        [ 0.0000,  0.0000,  0.0000,  1.0000]], device='cuda:0')

tensor([[ 0.9300, -0.1335, -0.1761,  1.0014],
        [ 0.1329,  0.9452, -0.0202,  0.1767],
        [ 0.1739, -0.0053,  0.9960,  0.1261],
        [ 0.0000,  0.0000,  0.0000,  1.0000]], device='cuda:0')

tensor([[ 0.9308, -0.1282, -0.1764,  1.0043],
        [ 0.1275,  0.9460, -0.0204,  0.1784],
        [ 0.1743, -0.0041,  0.9960,  0.1269],
        [ 0.0000,  0.0000,  0.0000,  1.0000]], device='cuda:0')

tensor([[ 0.9314, -0.1223, -0.1761,  1.0056],
        [ 0.1215,  0.9465, -0.0205,  0.1802],
        [ 0.1740, -0.0029,  0.9961,  0.1273],
        [ 0.0000,  0.0000,  0.0000,  1.0000]], device='cuda:0')

tensor([[ 0.9322, -0.1173, -0.1759,  1.0076],
        [ 0.1165,  0.9468, -0.0204,  0.1813],
        [ 0.1738, -0.0021,  0.9961,  0.1278],
        [ 0.0000,  0.0000,  0.0000,  1.0000]], device='cuda:0')

tensor([[ 0.9324, -0.1136, -0.1763,  1.0104],
        [ 0.1126,  0.9471, -0.0206,  0.1838],
        [ 0.1742, -0.0012,  0.9960,  0.1284],
        [ 0.0000,  0.0000,  0.0000,  1.0000]], device='cuda:0')

tensor([[ 9.3298e-01, -1.0987e-01, -1.7633e-01,  1.0138e+00],
        [ 1.0883e-01,  9.4763e-01, -2.1031e-02,  1.8689e-01],
        [ 1.7428e-01, -1.0198e-04,  9.9606e-01,  1.2915e-01],
        [ 0.0000e+00,  0.0000e+00,  0.0000e+00,  1.0000e+00]], device='cuda:0')

tensor([[ 9.3323e-01, -1.0817e-01, -1.7641e-01,  1.0163e+00],
        [ 1.0702e-01,  9.4787e-01, -2.1513e-02,  1.8989e-01],
        [ 1.7436e-01,  7.1797e-04,  9.9607e-01,  1.2985e-01],
        [ 0.0000e+00,  0.0000e+00,  0.0000e+00,  1.0000e+00]], device='cuda:0')

tensor([[ 0.9333, -0.1060, -0.1765,  1.0195],
        [ 0.1047,  0.9479, -0.0219,  0.1915],
        [ 0.1744,  0.0016,  0.9961,  0.1306],
        [ 0.0000,  0.0000,  0.0000,  1.0000]], device='cuda:0')

tensor([[ 0.9337, -0.1012, -0.1761,  1.0227],
        [ 0.0997,  0.9482, -0.0229,  0.1937],
        [ 0.1741,  0.0035,  0.9961,  0.1314],
        [ 0.0000,  0.0000,  0.0000,  1.0000]], device='cuda:0')

tensor([[ 0.9338, -0.0993, -0.1757,  1.0264],
        [ 0.0975,  0.9484, -0.0241,  0.1971],
        [ 0.1737,  0.0052,  0.9961,  0.1324],
        [ 0.0000,  0.0000,  0.0000,  1.0000]], device='cuda:0')

tensor([[ 0.9338, -0.0976, -0.1755,  1.0296],
        [ 0.0957,  0.9484, -0.0251,  0.1991],
        [ 0.1736,  0.0066,  0.9961,  0.1331],
        [ 0.0000,  0.0000,  0.0000,  1.0000]], device='cuda:0')

tensor([[ 0.9338, -0.0955, -0.1753,  1.0327],
        [ 0.0933,  0.9484, -0.0260,  0.1996],
        [ 0.1735,  0.0079,  0.9961,  0.1338],
        [ 0.0000,  0.0000,  0.0000,  1.0000]], device='cuda:0')

tensor([[ 0.9338, -0.0933, -0.1750,  1.0362],
        [ 0.0909,  0.9484, -0.0271,  0.1999],
        [ 0.1732,  0.0096,  0.9961,  0.1346],
        [ 0.0000,  0.0000,  0.0000,  1.0000]], device='cuda:0')

tensor([[ 0.9342, -0.0916, -0.1747,  1.0401],
        [ 0.0891,  0.9483, -0.0275,  0.1997],
        [ 0.1730,  0.0103,  0.9961,  0.1355],
        [ 0.0000,  0.0000,  0.0000,  1.0000]], device='cuda:0')

tensor([[ 0.9343, -0.0891, -0.1747,  1.0442],
        [ 0.0864,  0.9484, -0.0282,  0.2005],
        [ 0.1730,  0.0115,  0.9961,  0.1364],
        [ 0.0000,  0.0000,  0.0000,  1.0000]], device='cuda:0')

tensor([[ 0.9344, -0.0859, -0.1744,  1.0470],
        [ 0.0829,  0.9485, -0.0289,  0.2016],
        [ 0.1727,  0.0129,  0.9961,  0.1371],
        [ 0.0000,  0.0000,  0.0000,  1.0000]], device='cuda:0')

tensor([[ 0.9350, -0.0813, -0.1740,  1.0496],
        [ 0.0782,  0.9486, -0.0295,  0.2015],
        [ 0.1722,  0.0144,  0.9961,  0.1377],
        [ 0.0000,  0.0000,  0.0000,  1.0000]], device='cuda:0')

tensor([[ 0.9355, -0.0764, -0.1738,  1.0523],
        [ 0.0731,  0.9491, -0.0304,  0.2025],
        [ 0.1719,  0.0163,  0.9961,  0.1383],
        [ 0.0000,  0.0000,  0.0000,  1.0000]], device='cuda:0')

tensor([[ 0.9360, -0.0704, -0.1736,  1.0549],
        [ 0.0668,  0.9496, -0.0316,  0.2043],
        [ 0.1716,  0.0187,  0.9961,  0.1389],
        [ 0.0000,  0.0000,  0.0000,  1.0000]], device='cuda:0')

tensor([[ 0.9364, -0.0662, -0.1735,  1.0566],
        [ 0.0623,  0.9499, -0.0327,  0.2059],
        [ 0.1714,  0.0207,  0.9961,  0.1395],
        [ 0.0000,  0.0000,  0.0000,  1.0000]], device='cuda:0')

tensor([[ 0.9368, -0.0616, -0.1735,  1.0594],
        [ 0.0575,  0.9499, -0.0335,  0.2073],
        [ 0.1713,  0.0223,  0.9961,  0.1403],
        [ 0.0000,  0.0000,  0.0000,  1.0000]], device='cuda:0')

tensor([[ 0.9370, -0.0601, -0.1738,  1.0629],
        [ 0.0559,  0.9497, -0.0342,  0.2085],
        [ 0.1717,  0.0234,  0.9960,  0.1411],
        [ 0.0000,  0.0000,  0.0000,  1.0000]], device='cuda:0')

tensor([[ 0.9370, -0.0587, -0.1740,  1.0655],
        [ 0.0542,  0.9497, -0.0353,  0.2098],
        [ 0.1719,  0.0248,  0.9960,  0.1419],
        [ 0.0000,  0.0000,  0.0000,  1.0000]], device='cuda:0')

tensor([[ 0.9370, -0.0578, -0.1738,  1.0681],
        [ 0.0532,  0.9496, -0.0362,  0.2113],
        [ 0.1717,  0.0260,  0.9961,  0.1427],
        [ 0.0000,  0.0000,  0.0000,  1.0000]], device='cuda:0')

tensor([[ 0.9369, -0.0582, -0.1736,  1.0711],
        [ 0.0534,  0.9495, -0.0371,  0.2128],
        [ 0.1713,  0.0269,  0.9961,  0.1435],
        [ 0.0000,  0.0000,  0.0000,  1.0000]], device='cuda:0')

tensor([[ 0.9368, -0.0595, -0.1732,  1.0738],
        [ 0.0546,  0.9494, -0.0382,  0.2148],
        [ 0.1709,  0.0278,  0.9961,  0.1443],
        [ 0.0000,  0.0000,  0.0000,  1.0000]], device='cuda:0')

tensor([[ 0.9368, -0.0613, -0.1727,  1.0774],
        [ 0.0561,  0.9489, -0.0394,  0.2176],
        [ 0.1705,  0.0288,  0.9961,  0.1452],
        [ 0.0000,  0.0000,  0.0000,  1.0000]], device='cuda:0')

tensor([[ 0.9366, -0.0635, -0.1727,  1.0808],
        [ 0.0580,  0.9483, -0.0410,  0.2203],
        [ 0.1706,  0.0302,  0.9960,  0.1461],
        [ 0.0000,  0.0000,  0.0000,  1.0000]], device='cuda:0')

tensor([[ 0.9359, -0.0674, -0.1729,  1.0842],
        [ 0.0618,  0.9476, -0.0426,  0.2223],
        [ 0.1709,  0.0311,  0.9960,  0.1470],
        [ 0.0000,  0.0000,  0.0000,  1.0000]], device='cuda:0')

tensor([[ 0.9356, -0.0695, -0.1729,  1.0865],
        [ 0.0636,  0.9473, -0.0442,  0.2251],
        [ 0.1711,  0.0324,  0.9960,  0.1477],
        [ 0.0000,  0.0000,  0.0000,  1.0000]], device='cuda:0')

tensor([[ 0.9352, -0.0698, -0.1734,  1.0898],
        [ 0.0636,  0.9469, -0.0455,  0.2277],
        [ 0.1715,  0.0336,  0.9960,  0.1485],
        [ 0.0000,  0.0000,  0.0000,  1.0000]], device='cuda:0')

tensor([[ 0.9348, -0.0710, -0.1732,  1.0917],
        [ 0.0646,  0.9464, -0.0465,  0.2300],
        [ 0.1715,  0.0346,  0.9961,  0.1492],
        [ 0.0000,  0.0000,  0.0000,  1.0000]], device='cuda:0')

tensor([[ 0.9344, -0.0710, -0.1731,  1.0942],
        [ 0.0644,  0.9460, -0.0477,  0.2316],
        [ 0.1714,  0.0359,  0.9960,  0.1498],
        [ 0.0000,  0.0000,  0.0000,  1.0000]], device='cuda:0')

tensor([[ 0.9344, -0.0710, -0.1727,  1.0957],
        [ 0.0643,  0.9455, -0.0488,  0.2334],
        [ 0.1710,  0.0370,  0.9961,  0.1504],
        [ 0.0000,  0.0000,  0.0000,  1.0000]], device='cuda:0')

tensor([[ 0.9344, -0.0709, -0.1723,  1.0977],
        [ 0.0641,  0.9450, -0.0496,  0.2355],
        [ 0.1705,  0.0380,  0.9961,  0.1510],
        [ 0.0000,  0.0000,  0.0000,  1.0000]], device='cuda:0')

tensor([[ 0.9345, -0.0705, -0.1716,  1.0995],
        [ 0.0635,  0.9446, -0.0503,  0.2374],
        [ 0.1698,  0.0389,  0.9962,  0.1516],
        [ 0.0000,  0.0000,  0.0000,  1.0000]], device='cuda:0')

